2 3
1 1 -10
-1 1 3
5 4 -35
5 6 0
# [47/9, 20/9] 355/9

3 9
1 2 2 -3000
1 2 1 -2500
1 1 2 -2250
1 0 0 -700
0 1 0 -1200
0 0 1 -600
-1 0 0 300
0 -1 0 500
0 0 -1 400
800 1000 1200 0
# [700, 2050/3, 1300/3] 5290000/3

2 3
3 1 -24
2 3 -42
2 1 -18
3 2 0
# [3, 12] 33

3 3
2 1 1 -14
4 2 3 -28
2 5 5 -30
1 2 1 0
# [5, 4, 0] 13

3 3
2 3 1 -5
4 1 2 -11
3 4 2 -8
5 4 3 0
# [2, 0, 1] 13

2 3
2 1 -24
1 2 -24
1 1 -16
1 3 0
# [0, 12] 36

3 3
1 2 2 -20
2 1 2 -20
2 2 1 -20
1 1 1 0
# [4, 4, 4] 24

3 3
2 1 1 0
2 2 2 0
-2 0 -1 0
2 3 2 0
# [0, 0, 0] 0
