100 100
40 40
40 41
40 42
40 43
40 44
40 45
40 46
40 47
40 48
40 49
40 50
40 51
40 52
40 53
40 54
40 55
40 56
40 57
40 58
40 59
40 60
60 40
60 41
60 42
60 43
60 44
60 45
60 46
60 47
60 48
60 49
60 50
60 51
60 52
60 53
60 54
60 55
60 56
60 57
60 58
60 59
60 60
41 40
42 40
43 40
44 40
45 40
46 40
47 40
48 40
49 40
50 40
51 40
52 40
53 40
54 40
55 40
56 40
57 40
58 40
59 40
60 40
40 60
41 60
42 60
43 60
44 60
45 60
46 60
47 60
48 60
49 60
50 60
51 60
52 60
53 60
54 60
55 60
56 60
57 60
58 60
59 60
